Time	Bucket	Step	Reg	Log Loss	AUC
2016-04-25 03:16:01	1000	20	0.0000001	0.5031	0.7280
2016-04-25 03:31:14	1000	20	0.00001	0.5031	0.7280
2016-04-25 03:35:59	1000	20	0.001	0.5031	0.7280
2016-04-25 03:40:49	1000	20	0.1	0.5364	0.6930
2016-04-25 03:47:17	1000	10	0.0000001	0.5045	0.7260
2016-04-25 03:50:54	1000	10	0.00001	0.5045	0.7260
2016-04-25 03:54:28	1000	10	0.001	0.5051	0.7250
2016-04-25 03:57:49	1000	10	0.1	0.5364	0.6930
2016-04-25 04:00:29	1000	5	0.0000001	0.5070	0.7220
2016-04-25 04:04:24	1000	5	0.00001	0.5070	0.7220
2016-04-25 04:08:21	1000	5	0.001	0.5075	0.7210
2016-04-25 04:12:12	1000	5	0.1	0.5363	0.6930
2016-04-25 04:13:51	1000	1	0.0000001	0.5192	0.7040
2016-04-25 04:17:51	1000	1	0.00001	0.5192	0.7040
2016-04-25 04:21:52	1000	1	0.001	0.5194	0.7040
2016-04-25 04:25:49	1000	1	0.1	0.5372	0.6900
2016-04-25 22:18:46	5000	20	0.0000001	0.4913	0.7470
2016-04-25 22:34:38	5000	20	0.00001	0.4914	0.7470
2016-04-25 22:39:36	5000	20	0.001	0.4931	0.7440
2016-04-25 22:44:14	5000	20	0.1	0.5353	0.6950
2016-04-25 22:50:29	5000	10	0.0000001	0.4956	0.7400
2016-04-25 22:55:23	5000	10	0.00001	0.4956	0.7400
2016-04-25 23:00:17	5000	10	0.001	0.4972	0.7380
2016-04-25 23:04:49	5000	10	0.1	0.5354	0.6950
2016-04-25 23:07:32	5000	5	0.0000001	0.5006	0.7330
2016-04-25 23:12:29	5000	5	0.00001	0.5006	0.7330
2016-04-25 23:17:28	5000	5	0.001	0.5016	0.7320
2016-04-25 23:22:07	5000	5	0.1	0.5353	0.6950
2016-04-25 23:23:46	5000	1	0.0000001	0.5168	0.7080
2016-04-25 23:28:26	5000	1	0.00001	0.5168	0.7080
2016-04-25 23:32:55	5000	1	0.001	0.5170	0.7080
2016-04-25 23:37:26	5000	1	0.1	0.5362	0.6920
2016-04-25 23:40:34	10000	20	0.0000001	0.4889	0.7500
2016-04-25 23:56:11	10000	20	0.00001	0.4889	0.7500
2016-04-26 00:01:38	10000	20	0.001	0.4913	0.7470
2016-04-26 00:06:38	10000	20	0.1	0.5351	0.6960
2016-04-26 00:13:19	10000	10	0.0000001	0.4940	0.7430
2016-04-26 00:18:42	10000	10	0.00001	0.4940	0.7430
2016-04-26 00:24:11	10000	10	0.001	0.4958	0.7410
2016-04-26 00:28:50	10000	10	0.1	0.5352	0.6960
2016-04-26 03:41:33	10000	5	0.0000001	0.4995	0.7350
2016-04-26 03:57:35	10000	5	0.00001	0.4995	0.7350
2016-04-26 04:03:00	10000	5	0.001	0.5006	0.7330
2016-04-26 04:08:07	10000	5	0.1	0.5351	0.6960
2016-04-26 04:09:49	10000	1	0.0000001	0.5163	0.7090
2016-04-26 04:14:38	10000	1	0.00001	0.5163	0.7090
2016-04-26 04:19:32	10000	1	0.001	0.5166	0.7090
2016-04-26 04:24:23	10000	1	0.1	0.5360	0.6930
2016-04-26 02:00:30	20000	20	0.0000001	0.4879	0.752
2016-04-26 02:17:10	20000	20	0.00001	0.4879	0.7520
2016-04-26 02:23:14	20000	20	0.001	0.4906	0.7490
2016-04-26 02:28:33	20000	20	0.1	0.5352	0.6960
2016-04-26 02:35:39	20000	10	0.0000001	0.4934	0.7440
2016-04-26 02:41:32	20000	10	0.00001	0.4934	0.7440
2016-04-26 02:47:23	20000	10	0.001	0.4953	0.7420
2016-04-26 02:52:34	20000	10	0.1	0.5352	0.6960
2016-04-26 02:55:27	20000	5	0.0000001	0.4992	0.7350
2016-04-26 03:01:13	20000	5	0.00001	0.4992	0.7350
2016-04-26 03:06:59	20000	5	0.001	0.5003	0.7340
2016-04-26 03:12:20	20000	5	0.1	0.5351	0.6960
2016-04-26 03:14:03	20000	1	0.0000001	0.5163	0.7090
2016-04-26 03:19:12	20000	1	0.00001	0.5163	0.7090
2016-04-26 03:24:32	20000	1	0.001	0.5165	0.7090
2016-04-26 03:29:37	20000	1	0.1	0.5361	0.6930
