i10	i50
0.00146156	0.001461559982
0.00066602	0.0006660177937
0.00063968	0.0006396773758
0.00057477	0.0005747671984
0.00045012	0.0004501232223
0.00044667	0.0004466700518
0.00044463	0.0004446322441
0.00044388	0.0004438786997
0.00043314	0.0004331421818
0.00042771	0.0004277077678
0.00042342	0.000423416796
0.00039783	0.0003978260421
0.00038549	0.000385486238
0.00036267	0.0003626665337
0.00034359	0.0003435874531
0.00033805	0.0003380496129
0.00032922	0.0003292203269
0.00032899	0.0003289947459
0.00032620	0.0003262017539
0.00032511	0.0003251108558
0.00031268	0.0003126822773
0.00030957	0.0003095692742
0.00030798	0.0003079806468
0.00030312	0.0003031203815
0.00029755	0.0002975477874
0.00028604	0.0002860376047
0.00028362	0.000283620178
0.00026905	0.0002690535557
0.00026401	0.0002640141475
0.00026098	0.0002609847439
0.00025770	0.0002576976012
0.00025497	0.0002549708628
0.00025102	0.0002510220916
0.00024868	0.0002486755944
0.00024536	0.0002453641414
0.00024472	0.0002447198691
0.00023865	0.0002386482893
0.00023330	0.0002333040344
0.00022063	0.0002206322348
0.00021496	0.0002149554605
0.00021454	0.0002145445586
0.00021120	0.000211203198
0.00021119	0.0002111871128
0.00020703	0.0002070316464
0.00020330	0.0002033021401
0.00020253	0.0002025299261
0.00019701	0.0001970141994
0.00019139	0.0001913906596
0.00019078	0.0001907835868
0.00018817	0.0001880220707
0.00018802	0.0001881715265
0.00018704	0.000187043864
0.00018673	0.0001867325706
0.00018523	0.0001852288664
0.00017875	0.0001787491932
0.00017831	0.0001783129247
0.00017335	0.0001733486967
0.00016948	0.0001694836787
0.00016765	0.0001676520802
0.00016721	0.0001672147999
0.00016540	0.000165399983
0.00016070	0.0001606962991
0.00016052	0.0001605234784
0.00015901	0.0001590066341
0.00015762	0.0001576180566
0.00015527	0.0001552717684
0.00015493	0.0001549302035
0.00015329	0.0001532901975
0.00014883	0.0001488343442
0.00014786	0.000147856988
0.00014711	0.0001471108104
0.00014184	0.0001418440693
0.00014130	0.0001412993003
0.00013907	0.0001390667271
0.00013765	0.0001376466084
0.00013625	0.0001362463568
0.00013490	0.0001348958763
0.00013474	0.000134742915
0.00013069	0.0001306932781
0.00013021	0.0001302063046
0.00013004	0.0001300377851
0.00012841	0.0001284122164
0.00012820	0.0001282046223
0.00012732	0.0001273235008
0.00012715	0.0001271535704
0.00012411	0.0001241086775
0.00012094	0.0001209363082
0.00012024	0.0001202423724
0.00011578	0.0001157792174
0.00011451	0.0001145076726
0.00011447	0.0001144734506
0.00011430	0.0001143018047
0.00011359	0.0001135937795
0.00011327	0.0001132654265
0.00011324	0.0001132358765
0.00011319	0.0001131929036
0.00011291	0.0001129111038
0.00011242	0.0001124164599
0.00011219	0.0001121870748
0.00011212	0.000112120132
