Homebrew	GraphX
0.001461559982	0.001461559982
0.0006660177937	0.000666017794
0.0006396773758	0.0006396773759
0.0005747671984	0.0005747671985
0.0004501232223	0.0004501232225
0.0004466700518	0.0004466700518
0.0004446322441	0.0004446322443
0.0004438786997	0.0004438786998
0.0004331421818	0.0004331421817
0.0004277077678	0.0004277077679
0.000423416796	0.0004234167961
0.0003978260421	0.0003978260422
0.000385486238	0.000385486238
0.0003626665337	0.0003626665338
0.0003435874531	0.0003435874532
0.0003380496129	0.0003380496131
0.0003292203269	0.000329220327
0.0003289947459	0.0003289947459
0.0003262017539	0.000326201754
0.0003251108558	0.0003251108558
0.0003126822773	0.0003126822774
0.0003095692742	0.0003095692743
0.0003079806468	0.000307980647
0.0003031203815	0.0003031203816
0.0002975477874	0.0002975477875
0.0002860376047	0.0002860376046
0.000283620178	0.000283620178
0.0002690535557	0.0002690535556
0.0002640141475	0.0002640141475
0.0002609847439	0.0002609847439
0.0002576976012	0.0002576976011
0.0002549708628	0.0002549708629
0.0002510220916	0.0002510220917
0.0002486755944	0.0002486755944
0.0002453641414	0.0002453641416
0.0002447198691	0.0002447198692
0.0002386482893	0.0002386482893
0.0002333040344	0.0002333040344
0.0002206322348	0.0002206322348
0.0002149554605	0.0002149554606
0.0002145445586	0.0002145445587
0.000211203198	0.0002112031981
0.0002111871128	0.0002111871129
0.0002070316464	0.0002070316465
0.0002033021401	0.0002033021401
0.0002025299261	0.0002025299262
0.0001970141994	0.0001970141994
0.0001913906596	0.0001913906597
0.0001907835868	0.0001907835867
0.0001881715265	0.0001881715265
0.0001880220707	0.0001880220707
0.000187043864	0.000187043864
0.0001867325706	0.0001867325707
0.0001852288664	0.0001852288664
0.0001787491932	0.0001787491933
0.0001783129247	0.0001783129248
0.0001733486967	0.0001733486967
0.0001694836787	0.0001694836787
0.0001676520802	0.0001676520801
0.0001672147999	0.0001672147999
0.000165399983	0.0001653999831
0.0001606962991	0.0001606962991
0.0001605234784	0.0001605234784
0.0001590066341	0.0001590066341
0.0001576180566	0.0001576180566
0.0001552717684	0.0001552717685
0.0001549302035	0.0001549302035
0.0001532901975	0.0001532901975
0.0001488343442	0.0001488343442
0.000147856988	0.000147856988
0.0001471108104	0.0001471108104
0.0001418440693	0.0001418440694
0.0001412993003	0.0001412993003
0.0001390667271	0.0001390667271
0.0001376466084	0.0001376466084
0.0001362463568	0.0001362463568
0.0001348958763	0.0001348958763
0.000134742915	0.000134742915
0.0001306932781	0.0001306932782
0.0001302063046	0.0001302063047
0.0001300377851	0.0001300377851
0.0001284122164	0.0001284122163
0.0001282046223	0.0001282046224
0.0001273235008	0.0001273235008
0.0001271535704	0.0001271535704
0.0001241086775	0.0001241086775
0.0001209363082	0.0001209363081
0.0001202423724	0.0001202423724
0.0001157792174	0.0001157792174
0.0001145076726	0.0001145076726
0.0001144734506	0.0001144734506
0.0001143018047	0.0001143018046
0.0001135937795	0.0001135937795
0.0001132654265	0.0001132654265
0.0001132358765	0.0001132358765
0.0001131929036	0.0001131929036
0.0001129111038	0.0001129111038
0.0001124164599	0.00011241646
0.0001121870748	0.0001121870748
0.000112120132	0.0001121201321
