23	921800718
22	903382557
24	894422079
25	826976077
21	825593117
26	739311284
20	692585590
27	636987536
28	530179866
19	519029171
29	433764087
30	345711670
18	327102659
31	269584490
32	205588578
17	171644826
33	155555837
34	115556130
35	84419521
16	70338372
36	60137979
37	44027088
38	31113761
15	23247701
39	22259683
40	15560400
41	10971218
42	7704330
14	5950911
43	5169492
44	3568517
45	2600568
46	1603291
47	1175703
13	888866
48	802590
49	551091
50	373875
51	230726
52	162867
12	114018
53	94986
54	64675
55	58593
11	31532
56	23339
57	22210
58	14919
9	14140
59	8653
10	5740
61	4984
60	4388
62	2544
63	2094
64	1449
65	1263
66	460
84	421
70	375
67	365
72	334
71	292
69	230
68	211
159	182
73	182
76	157
91	155
119	148
82	95
128	92
89	92
86	91
103	91
106	90
75	87
90	84
79	83
83	51
