"====== Top 10 for topic 7 ======"	""
[7, 18168.2859148241]	4
[7, 13311.059756407594]	7
[7, 10588.6805693981]	10
[7, 10189.495447501646]	7
[7, 9153.828542626043]	7
[7, 8180.532910231774]	8
[7, 7302.697713785382]	2
[7, 6898.382134812705]	6
[7, 6599.769135912638]	7
[7, 6410.850248318637]	8
"====== Top 10 for topic 3 ======"	""
[3, 18168.28592457402]	4
[3, 13309.569018403192]	7
[3, 10588.680579148015]	10
[3, 10188.004709497243]	7
[3, 9152.33780462164]	7
[3, 8180.53291998169]	8
[3, 7302.697723535298]	2
[3, 6898.382144562621]	6
[3, 6598.278397908237]	7
[3, 6410.850258068553]	8
"====== Top 10 for topic 10 ======"	""
[10, 18168.285903930606]	4
[10, 13309.568997759781]	7
[10, 10590.265857407618]	10
[10, 10188.004688853833]	7
[10, 9152.33778397823]	7
[10, 8180.532899338278]	8
[10, 7302.697702891886]	2
[10, 6898.382123919209]	6
[10, 6598.278377264825]	7
[10, 6410.850237425141]	8
"====== Top 10 for topic 8 ======"	""
[8, 18168.28591002807]	4
[8, 13309.569003857247]	7
[8, 10588.68056460207]	10
[8, 10188.004694951298]	7
[8, 9152.337790075695]	7
[8, 8182.063703965961]	8
[8, 7302.697708989352]	2
[8, 6898.382130016675]	6
[8, 6598.278383362291]	7
[8, 6412.381042052824]	8
"====== Top 10 for topic 4 ======"	""
[4, 18169.67333829323]	4
[4, 13309.569022457781]	7
[4, 10588.680583202604]	10
[4, 10188.004713551833]	7
[4, 9152.33780867623]	7
[4, 8180.532924036278]	8
[4, 7302.697727589886]	2
[4, 6898.382148617209]	6
[4, 6598.278401962825]	7
[4, 6410.850262123141]	8
"====== Top 10 for topic 0 ======"	""
[0, 18168.43424907683]	4
[0, 13309.717342906002]	7
[0, 10588.828903650825]	10
[0, 10188.153034000054]	7
[0, 9152.48612912445]	7
[0, 8180.681244484499]	8
[0, 7302.846048038107]	2
[0, 6898.53046906543]	6
[0, 6598.426722411046]	7
[0, 6410.998582571362]	8
"====== Top 10 for topic 9 ======"	""
[9, 18168.285903624343]	4
[9, 13309.568997453518]	7
[9, 10588.68055819834]	10
[9, 10188.00468854757]	7
[9, 9152.337783671966]	7
[9, 8180.532899032015]	8
[9, 7302.697702585623]	2
[9, 6898.382123612946]	6
[9, 6598.278376958562]	7
[9, 6410.850237118878]	8
"====== Top 10 for topic 5 ======"	""
[5, 18168.285926906156]	4
[5, 13309.56902073533]	7
[5, 10588.680581480152]	10
[5, 10188.00471182938]	7
[5, 9152.337806953778]	7
[5, 8180.532922313826]	8
[5, 7302.697725867434]	2
[5, 6898.382146894757]	6
[5, 6598.278400240373]	7
[5, 6410.850260400689]	8
"====== Top 10 for topic 1 ======"	""
[1, 18168.285907987818]	4
[1, 13309.569001816993]	7
[1, 10588.680562561816]	10
[1, 10188.004692911045]	7
[1, 9152.337788035442]	7
[1, 8180.532903395491]	8
[1, 7302.6977069490995]	2
[1, 6898.382127976422]	6
[1, 6598.2783813220385]	7
[1, 6410.850241482354]	8
"====== Top 10 for topic 6 ======"	""
[6, 18168.285919583617]	4
[6, 13309.569013412793]	7
[6, 10588.680574157615]	10
[6, 10188.004704506844]	7
[6, 9152.337799631241]	7
[6, 8180.5329149912895]	8
[6, 7302.697718544898]	2
[6, 6899.835368649737]	6
[6, 6598.278392917837]	7
[6, 6410.8502530781525]	8
"====== Top 10 for topic 2 ======"	""
[2, 18168.28591780817]	4
[2, 13309.569011637346]	7
[2, 10588.680572382169]	10
[2, 10188.004702731398]	7
[2, 9152.337797855795]	7
[2, 8180.532913215843]	8
[2, 7304.164693989173]	2
[2, 6898.382137796774]	6
[2, 6598.27839114239]	7
[2, 6410.850251302706]	8
